2023-04-12 22:22:38.242 [info] Log level: Info
2023-04-12 22:22:38.242 [info] Validating found git in: "git"
2023-04-12 22:22:38.252 [info] Using git "2.34.1" from "git"
2023-04-12 22:22:38.305 [info] > git rev-parse --show-toplevel [39ms]
2023-04-12 22:22:38.327 [info] > git rev-parse --git-dir --git-common-dir [2ms]
2023-04-12 22:22:38.336 [info] Open repository: /var/www/html
2023-04-12 22:22:38.365 [info] > git config --get commit.template [3ms]
2023-04-12 22:22:38.365 [info] > git rev-parse --show-toplevel [17ms]
2023-04-12 22:22:38.379 [info] > git rev-parse --show-toplevel [4ms]
2023-04-12 22:22:38.413 [info] > git rev-parse --show-toplevel [23ms]
2023-04-12 22:22:38.426 [info] > git for-each-ref --format=%(refname)%00%(upstream:short)%00%(objectname)%00%(upstream:track)%00%(upstream:remotename)%00%(upstream:remoteref) refs/heads/main refs/remotes/main [15ms]
2023-04-12 22:22:38.438 [info] > git rev-parse --show-toplevel [13ms]
2023-04-12 22:22:38.454 [info] > git rev-parse --show-toplevel [1ms]
2023-04-12 22:22:38.465 [info] > git rev-parse --show-toplevel [1ms]
2023-04-12 22:22:38.476 [info] > git rev-parse --show-toplevel [1ms]
2023-04-12 22:22:38.486 [info] > git rev-parse --show-toplevel [1ms]
2023-04-12 22:22:38.499 [info] > git rev-parse --show-toplevel [1ms]
2023-04-12 22:22:38.518 [info] > git rev-parse --show-toplevel [9ms]
2023-04-12 22:22:38.533 [info] > git rev-parse --show-toplevel [1ms]
2023-04-12 22:22:38.551 [info] > git rev-parse --show-toplevel [2ms]
2023-04-12 22:22:38.569 [info] > git status -z -uall [132ms]
2023-04-12 22:22:38.614 [info] > git rev-parse --show-toplevel [49ms]
2023-04-12 22:22:38.640 [info] > git rev-parse --show-toplevel [16ms]
2023-04-12 22:22:38.651 [info] > git config --get commit.template [42ms]
2023-04-12 22:22:38.652 [info] > git rev-parse --show-toplevel [2ms]
2023-04-12 22:22:38.672 [info] > git rev-parse --show-toplevel [11ms]
2023-04-12 22:22:38.761 [info] > git rev-parse --show-toplevel [80ms]
2023-04-12 22:22:38.770 [info] > git for-each-ref --format=%(refname)%00%(upstream:short)%00%(objectname)%00%(upstream:track)%00%(upstream:remotename)%00%(upstream:remoteref) refs/heads/main refs/remotes/main [100ms]
2023-04-12 22:22:38.783 [info] > git rev-parse --show-toplevel [13ms]
2023-04-12 22:22:38.795 [info] > git rev-parse --show-toplevel [2ms]
2023-04-12 22:22:38.807 [info] > git status -z -uall [28ms]
2023-04-12 22:22:38.808 [info] > git rev-parse --show-toplevel [2ms]
2023-04-12 22:22:38.823 [info] > git rev-parse --show-toplevel [6ms]
2023-04-12 22:22:38.838 [info] > git rev-parse --show-toplevel [5ms]
2023-04-12 22:22:38.850 [info] > git rev-parse --show-toplevel [2ms]
2023-04-12 22:22:38.860 [info] > git rev-parse --show-toplevel [1ms]
2023-04-12 22:22:38.871 [info] > git rev-parse --show-toplevel [1ms]
2023-04-12 22:22:38.893 [info] > git rev-parse --show-toplevel [13ms]
2023-04-12 22:22:38.904 [info] > git check-ignore -v -z --stdin [12ms]
2023-04-12 22:22:38.906 [info] > git rev-parse --show-toplevel [3ms]
2023-04-12 22:22:38.952 [info] > git rev-parse --show-toplevel [34ms]
2023-04-12 22:22:38.969 [info] > git rev-parse --show-toplevel [7ms]
2023-04-12 22:22:38.983 [info] > git rev-parse --show-toplevel [3ms]
2023-04-12 22:22:38.995 [info] > git rev-parse --show-toplevel [2ms]
2023-04-12 22:22:39.005 [info] > git rev-parse --show-toplevel [1ms]
2023-04-12 22:22:39.016 [info] > git rev-parse --show-toplevel [1ms]
2023-04-12 22:22:39.026 [info] > git rev-parse --show-toplevel [1ms]
2023-04-12 22:22:39.037 [info] > git rev-parse --show-toplevel [1ms]
2023-04-12 22:22:39.051 [info] > git rev-parse --show-toplevel [3ms]
2023-04-12 22:22:39.068 [info] > git rev-parse --show-toplevel [4ms]
2023-04-12 22:22:39.332 [info] > git rev-parse --show-toplevel [253ms]
2023-04-12 22:22:39.420 [info] > git rev-parse --show-toplevel [78ms]
2023-04-12 22:22:39.436 [info] > git rev-parse --show-toplevel [5ms]
2023-04-12 22:22:39.448 [info] > git rev-parse --show-toplevel [2ms]
2023-04-12 22:22:39.514 [info] > git rev-parse --show-toplevel [53ms]
2023-04-12 22:22:39.526 [info] > git rev-parse --show-toplevel [2ms]
2023-04-12 22:22:39.539 [info] > git rev-parse --show-toplevel [3ms]
2023-04-12 22:22:39.551 [info] > git rev-parse --show-toplevel [1ms]
2023-04-12 22:22:39.563 [info] > git rev-parse --show-toplevel [2ms]
2023-04-12 22:22:44.357 [info] > git config --get commit.template [12ms]
2023-04-12 22:22:44.358 [info] > git for-each-ref --format=%(refname)%00%(upstream:short)%00%(objectname)%00%(upstream:track)%00%(upstream:remotename)%00%(upstream:remoteref) refs/heads/main refs/remotes/main [2ms]
2023-04-12 22:22:44.387 [info] > git status -z -uall [18ms]
